# vtk DataFile Version 3.0
my example
ASCII
DATASET UNSTRUCTURED_GRID
POINTS 45 double
0. 0. 0.
1. 0. 0.
1. 1. 0.
0. 1. 0.
0. 0. 1.
1. 0. 1.
1. 1. 1.
0. 1. 1.
0.  1.  0.5
0.5 1.  1. 
1.  1.  0.5
0.5 1.  0. 
0.  0.  0.5
0.5 0.  1. 
1.  0.  0.5
0.5 0.  0. 
0.  0.5 0. 
0.  0.5 1. 
1.  0.5 0. 
1.  0.5 1. 
0.70625 1.      0.29375
0.625 1.    0.625
0.35208333 1.         0.35625   
0.28125 1.      0.71875
0.25 0.25 0.  
0.375 0.625 0.   
0.71875 0.71875 0.     
0.65429688 0.34570312 0.        
0.   0.25 0.75
0.    0.375 0.375
0.      0.71875 0.28125
0.         0.65429688 0.65429688
1.   0.25 0.25
1.    0.625 0.375
1.      0.71875 0.71875
1.         0.34570312 0.65429688
0.70625 0.      0.29375
0.375 0.    0.375
0.64375    0.         0.64791667
0.28125 0.      0.71875
0.75 0.25 1.  
0.375 0.375 1.   
0.28125 0.71875 1.     
0.65429688 0.65429688 1.        
0.52072038 0.48570585 0.51500272
CELLS 114 556
3  4 41 13
3 17 41  4
3 13 40  5
3  5 40 19
3  6 43  9
3 19 43  6
3  9 42  7
3  7 42 17
3  9 43 42
3 13 41 40
3 17 42 41
3 40 43 19
3 41 43 40
3 42 43 41
4 31 23 42 44
4 23 21 42 44
4 20 25 26 44
4 39 29 28 44
4 32 36 35 44
4 30 22 31 44
4 20 26 33 44
4 23 31 22 44
4 39 28 41 44
4 27 36 32 44
4 43 42 21 44
4 22 30 25 44
4 25 20 22 44
4 37 27 24 44
4 31 41 28 44
4 35 36 38 44
4 26 27 33 44
4 35 43 34 44
4 39 37 29 44
4 41 31 42 44
4 23  9 42 21
4 25 30 29 44
4 40 43 35 44
4 24 25 29 44
4 37 24 29 44
4 32 14 35 36
4 27 32 33 44
4 24 27 25 44
4 27 37 36 44
4 34 43 21 44
4 29 31 28 44
4 28 12 29 39
4 11 20 25 26
4 30 31 29 44
4 41 38 39 44
4 40 35 38 44
4 34 21 33 44
4 41 40 38 44
4 21 20 33 44
4 26 25 27 44
4 23 22 21 44
4 43 42  9 21
4 38 35 14 36
4 43 19 35 34
4 19 35 40 43
4 32 35 33 44
4 30 22  8 31
4 41 43 40 44
4 43 41 42 44
4 31 22  8 23
4 22 20 21 44
4 12 37 29 39
4 33 26 18 27
4 20 25 22 11
4 28 31 17 41
4 37 24 27 15
4 22  3 25 30
4 31 42 17 41
4 24  0 37 29
4  6 43 21 34
4 41 13 39 38
4 32 33 18 27
4 15 27 37 36
4 39 38 37 44
4 35 34 33 44
4 33 20  2 26
4 34 21 10 33
4 25 16 29 30
4 13 41 40 38
4 40 38 35  5
4 16 29 24 25
4 31 23  7 42
4 33 21 10 20
4 39 28  4 41
4 38 36 37 44
4  0 12 37 29
4 36 27 32  1
4 25  3 22 11
4 14 35 38  5
4  6 43  9 21
4 21 10  6 34
4 26  2 33 18
4 13 39  4 41
4 16 25  3 30
4 10 33 20  2
4  8 31 23  7
4 42  7 31 17
4 36 15 27  1
4 17  4 28 41
4 29 24  0 16
4 24 37  0 15
4  9  7 23 42
4 22  8  3 30
4 38 40 13  5
4 19 43  6 34
4 18 32 27  1
4  5 35 40 19
4 11  2 20 26
4 36 32 14  1
4 28  4 12 39
CELL_TYPES 114
5
5
5
5
5
5
5
5
5
5
5
5
5
5
10
10
10
10
10
10
10
10
10
10
10
10
10
10
10
10
10
10
10
10
10
10
10
10
10
10
10
10
10
10
10
10
10
10
10
10
10
10
10
10
10
10
10
10
10
10
10
10
10
10
10
10
10
10
10
10
10
10
10
10
10
10
10
10
10
10
10
10
10
10
10
10
10
10
10
10
10
10
10
10
10
10
10
10
10
10
10
10
10
10
10
10
10
10
10
10
10
10
10
10
